The R input is [[ 0.86683113  0.0079019  -0.49853922]
 [-0.02369413  0.99939761 -0.02535742]
 [ 0.49803853  0.03379305  0.86649619]]
The t input is [2.32339028 0.08840071 5.79851854]
The R input is [[ 0.86632387  0.00784337 -0.4994211 ]
 [-0.02374463  0.99939296 -0.02549338]
 [ 0.49891798  0.03394409  0.86598421]]
The t input is [2.22128154 0.08932936 5.79774656]
The R input is [[ 0.87374235  0.00189446 -0.48638535]
 [-0.01586898  0.99957108 -0.02461373]
 [ 0.4861301   0.0292245   0.87339765]]
The t input is [2.24106773 0.06760292 5.66753495]
The R input is [[ 0.88062608  0.0026303  -0.47380458]
 [-0.01365045  0.99971035 -0.01982127]
 [ 0.47361521  0.02392277  0.88040691]]
The t input is [2.15795811 0.03679246 5.53386481]
The R input is [[ 0.88797203  0.0089262  -0.45981083]
 [-0.01537914  0.99982878 -0.01029026]
 [ 0.45964024  0.01620896  0.88795727]]
The t input is [ 2.07012169 -0.01095188  5.40194679]
The R input is [[ 8.95314784e-01  1.17391733e-02 -4.45279271e-01]
 [-1.30891301e-02  9.99914333e-01  4.32896067e-05]
 [ 4.45241633e-01  5.78956048e-03  8.95391741e-01]]
The t input is [ 1.98160146 -0.06973263  5.26994696]
The R input is [[ 8.94821942e-01  1.17235504e-02 -4.46269257e-01]
 [-1.31140492e-02  9.99914007e-01 -2.73302808e-05]
 [ 4.46230560e-01  5.87685272e-03  8.94898737e-01]]
The t input is [ 1.88013461 -0.06923928  5.26768107]
The R input is [[ 0.90281022  0.01523677 -0.42976917]
 [-0.01198368  0.9998754   0.010275  ]
 [ 0.42987218 -0.00412616  0.90288033]]
The t input is [ 1.889904   -0.12467741  5.13833445]
The R input is [[ 0.91081114  0.01734087 -0.41245892]
 [-0.01418051  0.99984196  0.01072193]
 [ 0.41257967 -0.00391678  0.9109131 ]]
The t input is [ 1.79171755 -0.12224975  5.01182965]
The R input is [[ 0.91047809  0.01732787 -0.41319413]
 [-0.01418413  0.99984242  0.01067489]
 [ 0.413314   -0.00385845  0.91058039]]
The t input is [ 1.68878133 -0.12150596  5.01104229]
The R input is [[ 0.91960451  0.01616153 -0.39251286]
 [-0.0132245   0.99986067  0.01018559]
 [ 0.39262279 -0.00417593  0.91969011]]
The t input is [ 1.68102198 -0.12054898  4.88969279]
The R input is [[ 0.92835246  0.01391115 -0.37144068]
 [-0.01426674  0.99989662  0.00179073]
 [ 0.3714272   0.00363682  0.92845496]]
The t input is [ 1.46074253 -0.07702449  4.76938791]
The R input is [[ 0.93794392  0.01579283 -0.34642719]
 [-0.01741866  0.99984704 -0.0015799 ]
 [ 0.34634925  0.00751616  0.93807553]]
The t input is [ 1.43947255 -0.05892533  4.65016302]
The R input is [[ 0.94698153  0.0133143  -0.32101201]
 [-0.01524341  0.9998777  -0.00349692]
 [ 0.32092619  0.00820483  0.94706867]]
The t input is [ 1.31290478 -0.05380123  4.53013216]
The R input is [[ 0.94674527  0.01313952 -0.32171533]
 [-0.01511961  0.999879   -0.00365694]
 [ 0.32162835  0.0083264   0.94682938]]
The t input is [ 1.21045542 -0.0531475   4.53026742]
The R input is [[ 0.95519502  0.01472451 -0.29561065]
 [-0.01653725  0.99985665 -0.00363282]
 [ 0.29551478  0.00835864  0.9553016 ]]
The t input is [ 1.19082128 -0.0515666   4.40703907]
The R input is [[ 0.96274866  0.02041511 -0.26962612]
 [-0.02334253  0.99969822 -0.00765518]
 [ 0.26938847  0.01366377  0.96293466]]
The t input is [ 1.07173924 -0.02693101  4.28130453]
The R input is [[ 0.96245142  0.02036039 -0.27068935]
 [-0.02331685  0.99969839 -0.00771025]
 [ 0.27045073  0.01373237  0.96263587]]
The t input is [ 0.96964868 -0.02654538  4.27981547]
The R input is [[ 0.97569562  0.0277661  -0.217364  ]
 [-0.02963563  0.99954648 -0.0053452 ]
 [ 0.21711701  0.01165701  0.97607598]]
The t input is [ 0.84361805 -0.03415889  4.01431734]
The R input is [[ 0.97550929  0.0277079  -0.21820608]
 [-0.02959202  0.99954763 -0.00537069]
 [ 0.21795856  0.01169632  0.97588794]]
The t input is [ 0.7403356  -0.03362695  4.01482273]
The R input is [[ 0.98119019  0.03051519 -0.19061645]
 [-0.03179895  0.99948751 -0.00367892]
 [ 0.1904065   0.00967112  0.9816577 ]]
The t input is [ 0.73400454 -0.03997786  3.8759059 ]
The R input is [[ 0.98577041  0.02953447 -0.16548235]
 [-0.03140306  0.99946906 -0.00868622]
 [ 0.16513795  0.01375927  0.9861745 ]]
The t input is [ 0.63421847 -0.02240126  3.73383357]
The R input is [[ 0.98556773  0.02931614 -0.16672378]
 [-0.03117205  0.99947768 -0.00852508]
 [ 0.16638677  0.01359916  0.98596679]]
The t input is [ 0.53083073 -0.02262904  3.73179211]
The R input is [[ 0.98928339  0.02785235 -0.14332695]
 [-0.03012425  0.9994522  -0.01370524]
 [ 0.14286671  0.01787598  0.98958049]]
The t input is [ 0.54892816 -0.00627005  3.58660755]
The R input is [[ 0.99202215  0.02439637 -0.12368048]
 [-0.02656063  0.99952106 -0.01588   ]
 [ 0.12323383  0.01903834  0.99219502]]
The t input is [ 4.76380200e-01 -1.42925677e-03  3.43453180e+00]
The R input is [[ 0.9940357   0.02274922 -0.10665598]
 [-0.02439755  0.99960183 -0.01417524]
 [ 0.10629104  0.01669284  0.99419493]]
The t input is [ 0.41658335 -0.00830703  3.2787137 ]
The R input is [[ 0.99547837  0.02371763 -0.09197983]
 [-0.02488678  0.99962315 -0.01158479]
 [ 0.09167041  0.01382149  0.99569348]]
The t input is [ 0.36842672 -0.01633015  3.11791811]
The R input is [[ 0.9953546   0.02360592 -0.09333803]
 [-0.02479547  0.99962518 -0.01160526]
 [ 0.0930291   0.01386571  0.99556684]]
The t input is [ 0.26419942 -0.01593305  3.11685727]
The R input is [[ 0.99652915  0.02537101 -0.07928404]
 [-0.02613769  0.99962095 -0.00864705]
 [ 0.0790346   0.01068934  0.99681456]]
The t input is [ 0.32957164 -0.02469752  2.95412788]
The R input is [[ 0.9972876   0.02694797 -0.06849276]
 [-0.02755527  0.99958877 -0.00793721]
 [ 0.06825071  0.00980302  0.99762004]]
The t input is [ 0.29824691 -0.0256859   2.7883511 ]
The R input is [[ 0.99717979  0.02681515 -0.07009578]
 [-0.02743482  0.99959244 -0.00789254]
 [ 0.06985557  0.00979334  0.99750904]]
The t input is [ 0.19323295 -0.02552925  2.78737114]
The R input is [[ 0.9978473   0.02917488 -0.05873327]
 [-0.02968556  0.99952853 -0.00784102]
 [ 0.05847681  0.00956767  0.99824292]]
The t input is [ 0.27208627 -0.02506945  2.61913648]
The R input is [[ 0.99821393  0.03104223 -0.05104249]
 [-0.03156948  0.99945588 -0.00955581]
 [ 0.05071808  0.01115013  0.99865077]]
The t input is [ 0.14219377 -0.01923555  2.45152836]
The R input is [[ 0.99866332  0.0326856  -0.04004021]
 [-0.03317119  0.99938325 -0.01152361]
 [ 0.03963886  0.01283638  0.99913162]]
The t input is [ 0.22528473 -0.01437487  2.28116611]
The R input is [[ 0.99895777  0.03388726 -0.03057811]
 [-0.03430039  0.99932586 -0.0130885 ]
 [ 0.03011396  0.0141237   0.99944668]]
The t input is [ 0.20376098 -0.01048022  2.11046936]
The R input is [[ 0.99891454  0.03376846 -0.03208489]
 [-0.03420085  0.99933011 -0.01302437]
 [ 0.03162358  0.01410756  0.99940028]]
The t input is [ 0.09764564 -0.0102323   2.11185364]
The R input is [[ 0.99923474  0.03311729 -0.02081286]
 [-0.03339998  0.99935244 -0.01338461]
 [ 0.02035613  0.01406951  0.99969379]]
The t input is [ 0.1828753  -0.0095147   1.93991589]
The R input is [[ 0.99940932  0.03250909 -0.01114296]
 [-0.03265283  0.9993826  -0.01296999]
 [ 0.01071444  0.01332617  0.9998538 ]]
The t input is [ 0.16492641 -0.00935757  1.76648189]
The R input is [[ 0.9993954   0.03229869 -0.01286948]
 [-0.03246548  0.99938872 -0.01296846]
 [ 0.01244275  0.01337843  0.99983308]]
The t input is [ 0.05847519 -0.00919198  1.76742245]
The R input is [[ 0.99958009  0.02872441  0.00381344]
 [-0.02868628  0.99954138 -0.00970218]
 [-0.00409038  0.00958871  0.99994566]]
The t input is [ 0.13983349 -0.01256891  1.42044041]
The R input is [[ 0.999591    0.02852882  0.00198575]
 [-0.02850812  0.99954578 -0.00977329]
 [-0.00226367  0.00971268  0.99995027]]
The t input is [ 0.03324485 -0.01235106  1.42294506]
The R input is [[ 0.9996018   0.02666675  0.00922667]
 [-0.02659738  0.99961763 -0.00756151]
 [-0.00942478  0.0073131   0.99992884]]
The t input is [ 0.13200057 -0.0138309   1.2480032 ]
The R input is [[ 0.99958817  0.02484768  0.01435539]
 [-0.02476193  0.99967464 -0.00612019]
 [-0.01450279  0.0057622   0.99987823]]
The t input is [ 0.12578898 -0.01372247  1.07506335]
The R input is [[ 0.99961158  0.02481849  0.01267814]
 [-0.02474029  0.99967414 -0.00628787]
 [-0.01283006  0.00597176  0.99989986]]
The t input is [ 0.01879923 -0.01350605  1.0755814 ]
The R input is [[ 0.99956306  0.02252182  0.01914328]
 [-0.02238661  0.99972311 -0.00724806]
 [-0.01930122  0.00681634  0.99979048]]
The t input is [ 0.12061096 -0.01051717  0.90293835]
The R input is [[ 0.99951129  0.02068937  0.02343351]
 [-0.02048945  0.99975187 -0.00873973]
 [-0.02360852  0.00825531  0.99968719]]
The t input is [ 0.11687511 -0.00753607  0.732124  ]
The R input is [[ 0.99945362  0.01849267  0.02739485]
 [-0.018254    0.99979344 -0.0089369 ]
 [-0.02755446  0.00843195  0.99958474]]
The t input is [ 0.11386855 -0.00562155  0.56199454]
The R input is [[ 0.99938541  0.01592637  0.03122742]
 [-0.0156578   0.99983845 -0.00882605]
 [-0.03136294  0.00833168  0.99947334]]
The t input is [ 0.1119074  -0.00377025  0.39284483]
The R input is [[ 0.99943367  0.01577188  0.02972506]
 [-0.01551043  0.99983915 -0.00900551]
 [-0.02986232  0.00853936  0.99951754]]
The t input is [ 0.00396931 -0.00370294  0.39168612]
The R input is [[ 0.99930799  0.01367     0.03459301]
 [-0.01341751  0.9998817  -0.00752054]
 [-0.03469173  0.00705118  0.99937319]]
The t input is [ 0.11074692 -0.00223888  0.22323768]
The R input is [[ 0.99924958  0.01098156  0.03714402]
 [-0.01072406  0.99991711 -0.00712469]
 [-0.03721918  0.006721    0.99928452]]
The t input is [ 0.11022065 -0.00036001  0.05398663]
The R input is [[ 0.99931647  0.01075348  0.03536872]
 [-0.01050664  0.99991919 -0.00715756]
 [-0.03544283  0.00678106  0.9993487 ]]
The t input is [ 1.57285126e-03 -7.67376719e-05  5.49167991e-02]
The R input is [[ 0.99921407  0.00906991  0.03858719]
 [-0.0088629   0.99994542 -0.00553232]
 [-0.03863526  0.00518598  0.99923992]]
The t input is [ 0.11038362  0.00157728 -0.11465024]
The R input is [[ 0.9992654   0.00719369  0.03764201]
 [-0.00699419  0.9999608  -0.00542911]
 [-0.03767959  0.00516185  0.99927654]]
The t input is [ 0.00197429  0.00411939 -0.28025996]
The R input is [[ 0.99918904  0.00595734  0.03982188]
 [-0.00577994  0.99997286 -0.0045683 ]
 [-0.03984802  0.00433442  0.99919635]]
The t input is [ 0.11097664  0.00601886 -0.44993578]
The R input is [[ 0.99917241  0.0048997   0.04037941]
 [-0.00468199  0.999974   -0.00548426]
 [-0.04040523  0.00529066  0.99916937]]
The t input is [ 0.11240573  0.00766953 -0.61474192]
The R input is [[ 0.99924661  0.00470463  0.03852369]
 [-0.00449725  0.99997494 -0.00546807]
 [-0.03854845  0.0052907   0.99924273]]
The t input is [ 0.00265625  0.00801367 -0.61249218]
The R input is [[ 0.99918674  0.00371209  0.04015082]
 [-0.00349973  0.99997952 -0.0053581 ]
 [-0.04016989  0.00521322  0.99917926]]
The t input is [ 0.11263528  0.00970475 -0.77806439]
The R input is [[ 0.99924375  0.00166771  0.03884781]
 [-0.0014271   0.99997963 -0.0062206 ]
 [-0.03885739  0.00616045  0.99922578]]
The t input is [ 0.1115011   0.01074333 -0.94058461]
The R input is [[ 0.99930679  0.00144767  0.03720013]
 [-0.00121415  0.99997942 -0.00629918]
 [-0.03720848  0.00624965  0.99928798]]
The t input is [ 0.00284206  0.01094768 -0.93925219]
The R input is [[ 9.99413223e-01 -9.88247896e-04  3.42378999e-02]
 [ 1.20349578e-03  9.99979639e-01 -6.26679269e-03]
 [-3.42310096e-02  6.30432065e-03  9.99394063e-01]]
The t input is [ 0.10799949  0.01477483 -1.26164116]
The R input is [[ 0.99946577 -0.00121647  0.03266029]
 [ 0.00142081  0.99997956 -0.006234  ]
 [-0.03265204  0.00627708  0.99944707]]
The t input is [-0.00130696  0.01529765 -1.26125995]
The R input is [[ 0.99952553 -0.00210389  0.03072919]
 [ 0.00228833  0.99997957 -0.00596807]
 [-0.03071601  0.00603556  0.99950993]]
The t input is [ 0.10416003  0.01714692 -1.4220501 ]
The R input is [[ 0.99964543 -0.00234493  0.02652376]
 [ 0.00252759  0.99997331 -0.0068551 ]
 [-0.02650698  0.00691971  0.99962468]]
The t input is [ 0.09868355  0.01774631 -1.58215308]
The R input is [[ 0.9996852  -0.00251721  0.02496336]
 [ 0.00268826  0.99997312 -0.00682086]
 [-0.02494552  0.00688582  0.9996651 ]]
The t input is [-0.01088875  0.01825567 -1.58267009]
The R input is [[ 0.99974882 -0.00174214  0.02234431]
 [ 0.0018862   0.99997756 -0.00642816]
 [-0.02233261  0.0064687   0.99972967]]
The t input is [ 0.09291657  0.02043976 -1.74124183]
The R input is [[ 0.99982079 -0.00213662  0.01881035]
 [ 0.00226338  0.99997486 -0.00672014]
 [-0.01879552  0.00676151  0.99980049]]
The t input is [ 0.08772753  0.02197382 -1.89880204]
The R input is [[ 0.99987499 -0.00138502  0.01575099]
 [ 0.00147692  0.99998195 -0.00582433]
 [-0.01574264  0.00584687  0.99985898]]
The t input is [ 0.08278813  0.02583723 -2.05617826]
The R input is [[ 0.99990643 -0.00172138  0.01357066]
 [ 0.00179426  0.99998402 -0.0053602 ]
 [-0.01356121  0.00538405  0.99989355]]
The t input is [ 0.07914604  0.02897186 -2.21312699]
The R input is [[ 0.99992806 -0.00181031  0.01185752]
 [ 0.00187378  0.99998397 -0.00534371]
 [-0.01184765  0.00536555  0.99991542]]
The t input is [-0.03199226  0.02935606 -2.21343862]
The R input is [[ 0.9999292  -0.00105121  0.01185314]
 [ 0.00110864  0.99998768 -0.00483924]
 [-0.01184791  0.00485204  0.99991804]]
The t input is [ 0.07596256  0.03212323 -2.36931424]
The R input is [[ 0.99994184 -0.00100825  0.01073755]
 [ 0.00105258  0.99999095 -0.00412291]
 [-0.01073329  0.00413398  0.99993385]]
The t input is [ 0.07424273  0.03583612 -2.52423916]
The R input is [[ 0.99996097 -0.0011762   0.00875649]
 [ 0.00121131  0.99999124 -0.00400566]
 [-0.00875171  0.00401611  0.99995364]]
The t input is [-0.03819963  0.03655968 -2.52254388]
The R input is [[ 9.99953791e-01 -7.62542428e-04  9.58306937e-03]
 [ 8.01125731e-04  9.99991587e-01 -4.02300112e-03]
 [-9.57992104e-03  4.03049246e-03  9.99945989e-01]]
The t input is [ 0.0719132   0.03818134 -2.67798498]
The R input is [[ 9.99975734e-01 -9.21940365e-04  6.90514764e-03]
 [ 9.47060105e-04  9.99992943e-01 -3.63544219e-03]
 [-6.90174725e-03  3.64189357e-03  9.99969551e-01]]
The t input is [-0.04105303  0.04136117 -2.827221  ]
The R input is [[ 9.99968793e-01 -6.33374563e-04  7.87479337e-03]
 [ 6.59814372e-04  9.99994153e-01 -3.35537958e-03]
 [-7.87262212e-03  3.36047077e-03  9.99963364e-01]]
The t input is [ 0.06923385  0.04398897 -2.98153165]
The R input is [[ 9.99973978e-01 -1.30300338e-04  7.21288842e-03]
 [ 1.51676720e-04  9.99995598e-01 -2.96316911e-03]
 [-7.21247057e-03  2.96418603e-03  9.99969596e-01]]
The t input is [ 0.06837957  0.04734271 -3.12898501]
The R input is [[ 9.99985715e-01 -4.51914631e-04  5.32593225e-03]
 [ 4.68317514e-04  9.99995150e-01 -3.07896983e-03]
 [-5.32451499e-03  3.08142007e-03  9.99981077e-01]]
The t input is [-0.04454169  0.04701622 -3.12793146]
The R input is [[ 9.99978538e-01 -3.23971116e-04  6.54352112e-03]
 [ 3.46020363e-04  9.99994266e-01 -3.36877923e-03]
 [-6.54239221e-03  3.37097112e-03  9.99972916e-01]]
The t input is [ 0.0667574   0.04829968 -3.27469223]
The R input is [[ 9.99816114e-01  6.17670859e-04  1.91665301e-02]
 [-4.83064010e-04  9.99975195e-01 -7.02685125e-03]
 [-1.91703949e-02  7.01630046e-03  9.99791612e-01]]
The t input is [ 0.17269499  0.02014755 -2.35640369]
The R input is [[ 9.99991395e-01 -4.93223692e-04  4.11904073e-03]
 [ 5.05480260e-04  9.99995447e-01 -2.97507719e-03]
 [-4.11755460e-03  2.97713369e-03  9.99987091e-01]]
The t input is [-0.04645097  0.05168475 -3.41840977]
The R input is [[ 9.99989651e-01 -8.24934933e-04  4.47410536e-03]
 [ 8.35969067e-04  9.99996613e-01 -2.46491201e-03]
 [-4.47205681e-03  2.46862671e-03  9.99986953e-01]]
The t input is [ 0.06090124  0.05801437 -3.69635662]
The R input is [[ 0.99999509 -0.00141574  0.0027973 ]
 [ 0.00142252  0.99999605 -0.00242343]
 [-0.00279386  0.00242739  0.99999315]]
The t input is [-0.05084237  0.05827712 -3.69738557]
The R input is [[ 9.99992044e-01  4.78975830e-04  3.96019874e-03]
 [-4.72216465e-04  9.99998431e-01 -1.70758365e-03]
 [-3.96101041e-03  1.70569999e-03  9.99990700e-01]]
The t input is [ 0.05952843  0.06276869 -3.83258089]
The R input is [[ 9.99993078e-01 -6.73273840e-05  3.72013108e-03]
 [ 7.37019289e-05  9.99998529e-01 -1.71341643e-03]
 [-3.72001025e-03  1.71367875e-03  9.99991612e-01]]
The t input is [ 0.05925041  0.06465843 -3.96726778]
The R input is [[ 9.99997882e-01 -2.33620100e-04  2.04491950e-03]
 [ 2.37237306e-04  9.99998408e-01 -1.76881086e-03]
 [-2.04450302e-03  1.76929224e-03  9.99996345e-01]]
The t input is [-0.05296514  0.06461869 -3.96664727]
The R input is [[ 9.99995459e-01  4.34565986e-04  2.98230169e-03]
 [-4.32276594e-04  9.99999611e-01 -7.68261127e-04]
 [-2.98263439e-03  7.66968459e-04  9.99995258e-01]]
The t input is [ 0.05674617  0.0704603  -4.09850284]
The R input is [[ 9.99995917e-01  5.32768732e-04  2.80751540e-03]
 [-5.28770566e-04  9.99998845e-01 -1.42464391e-03]
 [-2.80827116e-03  1.42315356e-03  9.99995044e-01]]
The t input is [ 0.05667154  0.0700566  -4.2275032 ]
The R input is [[ 9.99996651e-01  6.44026280e-04  2.50665576e-03]
 [-6.39810917e-04  9.99998381e-01 -1.68210689e-03]
 [-2.50773502e-03  1.68049747e-03  9.99995444e-01]]
The t input is [ 0.05584914  0.07093089 -4.35375703]
The R input is [[ 9.99997424e-01 -6.25726338e-05  2.26908663e-03]
 [ 6.73613257e-05  9.99997771e-01 -2.11039003e-03]
 [-2.26894952e-03  2.11053744e-03  9.99995199e-01]]
The t input is [ 0.05496667  0.0710562  -4.47669455]
The R input is [[ 9.99999843e-01 -2.93581076e-04  4.76278962e-04]
 [ 2.94567455e-04  9.99997809e-01 -2.07226496e-03]
 [-4.75669541e-04  2.07240493e-03  9.99997739e-01]]
The t input is [-0.05864203  0.07159185 -4.47567759]
The R input is [[ 0.9999972   0.00118148  0.00205096]
 [-0.00117894  0.99999854 -0.00123901]
 [-0.00205242  0.00123659  0.99999713]]
The t input is [ 0.05457096  0.07673924 -4.59658272]
The R input is [[ 9.99997314e-01  1.24540354e-03  1.95469785e-03]
 [-1.24475091e-03  9.99999169e-01 -3.35060964e-04]
 [-1.95511351e-03  3.32626952e-04  9.99998033e-01]]
The t input is [ 0.05486037  0.08287458 -4.71406965]
The R input is [[ 9.99999458e-01  1.02550185e-03  1.80626932e-04]
 [-1.02544491e-03  9.99999425e-01 -3.15037716e-04]
 [-1.80949900e-04  3.14852323e-04  9.99999934e-01]]
The t input is [-0.05922892  0.08322131 -4.71330781]
The R input is [[ 9.99998544e-01  2.97100595e-04  1.68012857e-03]
 [-2.97805401e-04  9.99999868e-01  4.19260281e-04]
 [-1.68000378e-03 -4.19760022e-04  9.99998501e-01]]
The t input is [ 0.05391378  0.08848184 -4.82809913]
The R input is [[ 9.99998645e-01 -1.52420127e-03 -6.21288978e-04]
 [ 1.52529391e-03  9.99997284e-01  1.76200159e-03]
 [ 6.18601646e-04 -1.76294685e-03  9.99998255e-01]]
The t input is [-0.06314717  0.09733252 -4.9374088 ]
The R input is [[ 9.99998537e-01 -1.41927991e-03  9.54361071e-04]
 [ 1.41762850e-03  9.99997501e-01  1.72884607e-03]
 [-9.56812402e-04 -1.72749061e-03  9.99998050e-01]]
The t input is [ 0.05112257  0.09863151 -5.04474854]
The R input is [[ 9.99997908e-01 -1.93806662e-03  6.54622767e-04]
 [ 1.93639313e-03  9.99994880e-01  2.54745472e-03]
 [-6.59556552e-04 -2.54618178e-03  9.99996541e-01]]
The t input is [ 0.04955312  0.10536188 -5.1464173 ]
The R input is [[ 9.99997230e-01 -2.14658643e-03 -9.65805051e-04]
 [ 2.14877558e-03  9.99995112e-01  2.27136147e-03]
 [ 9.60924656e-04 -2.27343048e-03  9.99996954e-01]]
The t input is [-0.0641149   0.10346288 -5.14599322]
The R input is [[ 9.99998309e-01 -1.82477960e-03  2.29826306e-04]
 [ 1.82421141e-03  9.99995338e-01  2.44864542e-03]
 [-2.34293473e-04 -2.44822203e-03  9.99996976e-01]]
The t input is [ 0.04816504  0.10537748 -5.24482331]
The R input is [[ 9.99996800e-01 -2.48521242e-03 -4.73137681e-04]
 [ 2.48592338e-03  9.99995773e-01  1.50802733e-03]
 [ 4.69387913e-04 -1.50919869e-03  9.99998751e-01]]
The t input is [ 0.04530261  0.10109966 -5.33890357]
The R input is [[ 0.99999409 -0.00273216 -0.00208689]
 [ 0.00273638  0.99999421  0.00202244]
 [ 0.00208135 -0.00202814  0.99999578]]
The t input is [-0.06869145  0.10519412 -5.33757841]
The R input is [[ 0.99997671 -0.0048795  -0.00477094]
 [ 0.00486899  0.9999857  -0.00221087]
 [ 0.00478166  0.00218758  0.99998618]]
The t input is [ 0.02328884  0.0853267  -5.51544725]
The R input is [[ 0.99996691 -0.00509688 -0.00634064]
 [ 0.0050842   0.99998505 -0.00201437]
 [ 0.00635081  0.00198207  0.99997787]]
The t input is [-0.09069029  0.08699642 -5.51478645]
The R input is [[ 0.99992118 -0.006796   -0.0105566 ]
 [ 0.00673525  0.99996062 -0.00577943]
 [ 0.01059546  0.00570787  0.99992758]]
The t input is [-0.00738468  0.06712892 -5.59858309]
Loading Training Cameras
The R input is [[ 0.86683113  0.0079019  -0.49853922]
 [-0.02369413  0.99939761 -0.02535742]
 [ 0.49803853  0.03379305  0.86649619]]
The t input is [2.32339028 0.08840071 5.79851854]
The R input is [[ 0.86632387  0.00784337 -0.4994211 ]
 [-0.02374463  0.99939296 -0.02549338]
 [ 0.49891798  0.03394409  0.86598421]]
The t input is [2.22128154 0.08932936 5.79774656]
The R input is [[ 0.87374235  0.00189446 -0.48638535]
 [-0.01586898  0.99957108 -0.02461373]
 [ 0.4861301   0.0292245   0.87339765]]
The t input is [2.24106773 0.06760292 5.66753495]
The R input is [[ 0.88062608  0.0026303  -0.47380458]
 [-0.01365045  0.99971035 -0.01982127]
 [ 0.47361521  0.02392277  0.88040691]]
The t input is [2.15795811 0.03679246 5.53386481]
The R input is [[ 0.88797203  0.0089262  -0.45981083]
 [-0.01537914  0.99982878 -0.01029026]
 [ 0.45964024  0.01620896  0.88795727]]
The t input is [ 2.07012169 -0.01095188  5.40194679]
The R input is [[ 8.95314784e-01  1.17391733e-02 -4.45279271e-01]
 [-1.30891301e-02  9.99914333e-01  4.32896067e-05]
 [ 4.45241633e-01  5.78956048e-03  8.95391741e-01]]
The t input is [ 1.98160146 -0.06973263  5.26994696]
The R input is [[ 8.94821942e-01  1.17235504e-02 -4.46269257e-01]
 [-1.31140492e-02  9.99914007e-01 -2.73302808e-05]
 [ 4.46230560e-01  5.87685272e-03  8.94898737e-01]]
The t input is [ 1.88013461 -0.06923928  5.26768107]
The R input is [[ 0.90281022  0.01523677 -0.42976917]
 [-0.01198368  0.9998754   0.010275  ]
 [ 0.42987218 -0.00412616  0.90288033]]
The t input is [ 1.889904   -0.12467741  5.13833445]
The R input is [[ 0.91081114  0.01734087 -0.41245892]
 [-0.01418051  0.99984196  0.01072193]
 [ 0.41257967 -0.00391678  0.9109131 ]]
The t input is [ 1.79171755 -0.12224975  5.01182965]
The R input is [[ 0.91047809  0.01732787 -0.41319413]
 [-0.01418413  0.99984242  0.01067489]
 [ 0.413314   -0.00385845  0.91058039]]
The t input is [ 1.68878133 -0.12150596  5.01104229]
The R input is [[ 0.91960451  0.01616153 -0.39251286]
 [-0.0132245   0.99986067  0.01018559]
 [ 0.39262279 -0.00417593  0.91969011]]
The t input is [ 1.68102198 -0.12054898  4.88969279]
The R input is [[ 0.92835246  0.01391115 -0.37144068]
 [-0.01426674  0.99989662  0.00179073]
 [ 0.3714272   0.00363682  0.92845496]]
The t input is [ 1.46074253 -0.07702449  4.76938791]
The R input is [[ 0.93794392  0.01579283 -0.34642719]
 [-0.01741866  0.99984704 -0.0015799 ]
 [ 0.34634925  0.00751616  0.93807553]]
The t input is [ 1.43947255 -0.05892533  4.65016302]
The R input is [[ 0.94698153  0.0133143  -0.32101201]
 [-0.01524341  0.9998777  -0.00349692]
 [ 0.32092619  0.00820483  0.94706867]]
The t input is [ 1.31290478 -0.05380123  4.53013216]
The R input is [[ 0.94674527  0.01313952 -0.32171533]
 [-0.01511961  0.999879   -0.00365694]
 [ 0.32162835  0.0083264   0.94682938]]
The t input is [ 1.21045542 -0.0531475   4.53026742]
The R input is [[ 0.95519502  0.01472451 -0.29561065]
 [-0.01653725  0.99985665 -0.00363282]
 [ 0.29551478  0.00835864  0.9553016 ]]
The t input is [ 1.19082128 -0.0515666   4.40703907]
The R input is [[ 0.96274866  0.02041511 -0.26962612]
 [-0.02334253  0.99969822 -0.00765518]
 [ 0.26938847  0.01366377  0.96293466]]
The t input is [ 1.07173924 -0.02693101  4.28130453]
The R input is [[ 0.96245142  0.02036039 -0.27068935]
 [-0.02331685  0.99969839 -0.00771025]
 [ 0.27045073  0.01373237  0.96263587]]
The t input is [ 0.96964868 -0.02654538  4.27981547]
The R input is [[ 0.97569562  0.0277661  -0.217364  ]
 [-0.02963563  0.99954648 -0.0053452 ]
 [ 0.21711701  0.01165701  0.97607598]]
The t input is [ 0.84361805 -0.03415889  4.01431734]
The R input is [[ 0.97550929  0.0277079  -0.21820608]
 [-0.02959202  0.99954763 -0.00537069]
 [ 0.21795856  0.01169632  0.97588794]]
The t input is [ 0.7403356  -0.03362695  4.01482273]
The R input is [[ 0.98119019  0.03051519 -0.19061645]
 [-0.03179895  0.99948751 -0.00367892]
 [ 0.1904065   0.00967112  0.9816577 ]]
The t input is [ 0.73400454 -0.03997786  3.8759059 ]
The R input is [[ 0.98577041  0.02953447 -0.16548235]
 [-0.03140306  0.99946906 -0.00868622]
 [ 0.16513795  0.01375927  0.9861745 ]]
The t input is [ 0.63421847 -0.02240126  3.73383357]
The R input is [[ 0.98556773  0.02931614 -0.16672378]
 [-0.03117205  0.99947768 -0.00852508]
 [ 0.16638677  0.01359916  0.98596679]]
The t input is [ 0.53083073 -0.02262904  3.73179211]
The R input is [[ 0.98928339  0.02785235 -0.14332695]
 [-0.03012425  0.9994522  -0.01370524]
 [ 0.14286671  0.01787598  0.98958049]]
The t input is [ 0.54892816 -0.00627005  3.58660755]
The R input is [[ 0.99202215  0.02439637 -0.12368048]
 [-0.02656063  0.99952106 -0.01588   ]
 [ 0.12323383  0.01903834  0.99219502]]
The t input is [ 4.76380200e-01 -1.42925677e-03  3.43453180e+00]
The R input is [[ 0.9940357   0.02274922 -0.10665598]
 [-0.02439755  0.99960183 -0.01417524]
 [ 0.10629104  0.01669284  0.99419493]]
The t input is [ 0.41658335 -0.00830703  3.2787137 ]
The R input is [[ 0.99547837  0.02371763 -0.09197983]
 [-0.02488678  0.99962315 -0.01158479]
 [ 0.09167041  0.01382149  0.99569348]]
The t input is [ 0.36842672 -0.01633015  3.11791811]
The R input is [[ 0.9953546   0.02360592 -0.09333803]
 [-0.02479547  0.99962518 -0.01160526]
 [ 0.0930291   0.01386571  0.99556684]]
The t input is [ 0.26419942 -0.01593305  3.11685727]
The R input is [[ 0.99652915  0.02537101 -0.07928404]
 [-0.02613769  0.99962095 -0.00864705]
 [ 0.0790346   0.01068934  0.99681456]]
The t input is [ 0.32957164 -0.02469752  2.95412788]
The R input is [[ 0.9972876   0.02694797 -0.06849276]
 [-0.02755527  0.99958877 -0.00793721]
 [ 0.06825071  0.00980302  0.99762004]]
The t input is [ 0.29824691 -0.0256859   2.7883511 ]
The R input is [[ 0.99717979  0.02681515 -0.07009578]
 [-0.02743482  0.99959244 -0.00789254]
 [ 0.06985557  0.00979334  0.99750904]]
The t input is [ 0.19323295 -0.02552925  2.78737114]
The R input is [[ 0.9978473   0.02917488 -0.05873327]
 [-0.02968556  0.99952853 -0.00784102]
 [ 0.05847681  0.00956767  0.99824292]]
The t input is [ 0.27208627 -0.02506945  2.61913648]
The R input is [[ 0.99821393  0.03104223 -0.05104249]
 [-0.03156948  0.99945588 -0.00955581]
 [ 0.05071808  0.01115013  0.99865077]]
The t input is [ 0.14219377 -0.01923555  2.45152836]
The R input is [[ 0.99866332  0.0326856  -0.04004021]
 [-0.03317119  0.99938325 -0.01152361]
 [ 0.03963886  0.01283638  0.99913162]]
The t input is [ 0.22528473 -0.01437487  2.28116611]
The R input is [[ 0.99895777  0.03388726 -0.03057811]
 [-0.03430039  0.99932586 -0.0130885 ]
 [ 0.03011396  0.0141237   0.99944668]]
The t input is [ 0.20376098 -0.01048022  2.11046936]
The R input is [[ 0.99891454  0.03376846 -0.03208489]
 [-0.03420085  0.99933011 -0.01302437]
 [ 0.03162358  0.01410756  0.99940028]]
The t input is [ 0.09764564 -0.0102323   2.11185364]
The R input is [[ 0.99923474  0.03311729 -0.02081286]
 [-0.03339998  0.99935244 -0.01338461]
 [ 0.02035613  0.01406951  0.99969379]]
The t input is [ 0.1828753  -0.0095147   1.93991589]
The R input is [[ 0.99940932  0.03250909 -0.01114296]
 [-0.03265283  0.9993826  -0.01296999]
 [ 0.01071444  0.01332617  0.9998538 ]]
The t input is [ 0.16492641 -0.00935757  1.76648189]
The R input is [[ 0.9993954   0.03229869 -0.01286948]
 [-0.03246548  0.99938872 -0.01296846]
 [ 0.01244275  0.01337843  0.99983308]]
The t input is [ 0.05847519 -0.00919198  1.76742245]
The R input is [[ 0.99958009  0.02872441  0.00381344]
 [-0.02868628  0.99954138 -0.00970218]
 [-0.00409038  0.00958871  0.99994566]]
The t input is [ 0.13983349 -0.01256891  1.42044041]
The R input is [[ 0.999591    0.02852882  0.00198575]
 [-0.02850812  0.99954578 -0.00977329]
 [-0.00226367  0.00971268  0.99995027]]
The t input is [ 0.03324485 -0.01235106  1.42294506]
The R input is [[ 0.9996018   0.02666675  0.00922667]
 [-0.02659738  0.99961763 -0.00756151]
 [-0.00942478  0.0073131   0.99992884]]
The t input is [ 0.13200057 -0.0138309   1.2480032 ]
The R input is [[ 0.99958817  0.02484768  0.01435539]
 [-0.02476193  0.99967464 -0.00612019]
 [-0.01450279  0.0057622   0.99987823]]
The t input is [ 0.12578898 -0.01372247  1.07506335]
The R input is [[ 0.99961158  0.02481849  0.01267814]
 [-0.02474029  0.99967414 -0.00628787]
 [-0.01283006  0.00597176  0.99989986]]
The t input is [ 0.01879923 -0.01350605  1.0755814 ]
The R input is [[ 0.99956306  0.02252182  0.01914328]
 [-0.02238661  0.99972311 -0.00724806]
 [-0.01930122  0.00681634  0.99979048]]
The t input is [ 0.12061096 -0.01051717  0.90293835]
The R input is [[ 0.99951129  0.02068937  0.02343351]
 [-0.02048945  0.99975187 -0.00873973]
 [-0.02360852  0.00825531  0.99968719]]
The t input is [ 0.11687511 -0.00753607  0.732124  ]
The R input is [[ 0.99945362  0.01849267  0.02739485]
 [-0.018254    0.99979344 -0.0089369 ]
 [-0.02755446  0.00843195  0.99958474]]
The t input is [ 0.11386855 -0.00562155  0.56199454]
The R input is [[ 0.99938541  0.01592637  0.03122742]
 [-0.0156578   0.99983845 -0.00882605]
 [-0.03136294  0.00833168  0.99947334]]
The t input is [ 0.1119074  -0.00377025  0.39284483]
The R input is [[ 0.99943367  0.01577188  0.02972506]
 [-0.01551043  0.99983915 -0.00900551]
 [-0.02986232  0.00853936  0.99951754]]
The t input is [ 0.00396931 -0.00370294  0.39168612]
The R input is [[ 0.99930799  0.01367     0.03459301]
 [-0.01341751  0.9998817  -0.00752054]
 [-0.03469173  0.00705118  0.99937319]]
The t input is [ 0.11074692 -0.00223888  0.22323768]
The R input is [[ 0.99924958  0.01098156  0.03714402]
 [-0.01072406  0.99991711 -0.00712469]
 [-0.03721918  0.006721    0.99928452]]
The t input is [ 0.11022065 -0.00036001  0.05398663]
The R input is [[ 0.99931647  0.01075348  0.03536872]
 [-0.01050664  0.99991919 -0.00715756]
 [-0.03544283  0.00678106  0.9993487 ]]
The t input is [ 1.57285126e-03 -7.67376719e-05  5.49167991e-02]
The R input is [[ 0.99921407  0.00906991  0.03858719]
 [-0.0088629   0.99994542 -0.00553232]
 [-0.03863526  0.00518598  0.99923992]]
The t input is [ 0.11038362  0.00157728 -0.11465024]
The R input is [[ 0.9992654   0.00719369  0.03764201]
 [-0.00699419  0.9999608  -0.00542911]
 [-0.03767959  0.00516185  0.99927654]]
The t input is [ 0.00197429  0.00411939 -0.28025996]
The R input is [[ 0.99918904  0.00595734  0.03982188]
 [-0.00577994  0.99997286 -0.0045683 ]
 [-0.03984802  0.00433442  0.99919635]]
The t input is [ 0.11097664  0.00601886 -0.44993578]
The R input is [[ 0.99917241  0.0048997   0.04037941]
 [-0.00468199  0.999974   -0.00548426]
 [-0.04040523  0.00529066  0.99916937]]
The t input is [ 0.11240573  0.00766953 -0.61474192]
The R input is [[ 0.99924661  0.00470463  0.03852369]
 [-0.00449725  0.99997494 -0.00546807]
 [-0.03854845  0.0052907   0.99924273]]
The t input is [ 0.00265625  0.00801367 -0.61249218]
The R input is [[ 0.99918674  0.00371209  0.04015082]
 [-0.00349973  0.99997952 -0.0053581 ]
 [-0.04016989  0.00521322  0.99917926]]
The t input is [ 0.11263528  0.00970475 -0.77806439]
The R input is [[ 0.99924375  0.00166771  0.03884781]
 [-0.0014271   0.99997963 -0.0062206 ]
 [-0.03885739  0.00616045  0.99922578]]
The t input is [ 0.1115011   0.01074333 -0.94058461]
The R input is [[ 0.99930679  0.00144767  0.03720013]
 [-0.00121415  0.99997942 -0.00629918]
 [-0.03720848  0.00624965  0.99928798]]
The t input is [ 0.00284206  0.01094768 -0.93925219]
The R input is [[ 9.99413223e-01 -9.88247896e-04  3.42378999e-02]
 [ 1.20349578e-03  9.99979639e-01 -6.26679269e-03]
 [-3.42310096e-02  6.30432065e-03  9.99394063e-01]]
The t input is [ 0.10799949  0.01477483 -1.26164116]
The R input is [[ 0.99946577 -0.00121647  0.03266029]
 [ 0.00142081  0.99997956 -0.006234  ]
 [-0.03265204  0.00627708  0.99944707]]
The t input is [-0.00130696  0.01529765 -1.26125995]
The R input is [[ 0.99952553 -0.00210389  0.03072919]
 [ 0.00228833  0.99997957 -0.00596807]
 [-0.03071601  0.00603556  0.99950993]]
The t input is [ 0.10416003  0.01714692 -1.4220501 ]
The R input is [[ 0.99964543 -0.00234493  0.02652376]
 [ 0.00252759  0.99997331 -0.0068551 ]
 [-0.02650698  0.00691971  0.99962468]]
The t input is [ 0.09868355  0.01774631 -1.58215308]
The R input is [[ 0.9996852  -0.00251721  0.02496336]
 [ 0.00268826  0.99997312 -0.00682086]
 [-0.02494552  0.00688582  0.9996651 ]]
The t input is [-0.01088875  0.01825567 -1.58267009]
The R input is [[ 0.99974882 -0.00174214  0.02234431]
 [ 0.0018862   0.99997756 -0.00642816]
 [-0.02233261  0.0064687   0.99972967]]
The t input is [ 0.09291657  0.02043976 -1.74124183]
The R input is [[ 0.99982079 -0.00213662  0.01881035]
 [ 0.00226338  0.99997486 -0.00672014]
 [-0.01879552  0.00676151  0.99980049]]
The t input is [ 0.08772753  0.02197382 -1.89880204]
The R input is [[ 0.99987499 -0.00138502  0.01575099]
 [ 0.00147692  0.99998195 -0.00582433]
 [-0.01574264  0.00584687  0.99985898]]
The t input is [ 0.08278813  0.02583723 -2.05617826]
The R input is [[ 0.99990643 -0.00172138  0.01357066]
 [ 0.00179426  0.99998402 -0.0053602 ]
 [-0.01356121  0.00538405  0.99989355]]
The t input is [ 0.07914604  0.02897186 -2.21312699]
The R input is [[ 0.99992806 -0.00181031  0.01185752]
 [ 0.00187378  0.99998397 -0.00534371]
 [-0.01184765  0.00536555  0.99991542]]
The t input is [-0.03199226  0.02935606 -2.21343862]
The R input is [[ 0.9999292  -0.00105121  0.01185314]
 [ 0.00110864  0.99998768 -0.00483924]
 [-0.01184791  0.00485204  0.99991804]]
The t input is [ 0.07596256  0.03212323 -2.36931424]
The R input is [[ 0.99994184 -0.00100825  0.01073755]
 [ 0.00105258  0.99999095 -0.00412291]
 [-0.01073329  0.00413398  0.99993385]]
The t input is [ 0.07424273  0.03583612 -2.52423916]
The R input is [[ 0.99996097 -0.0011762   0.00875649]
 [ 0.00121131  0.99999124 -0.00400566]
 [-0.00875171  0.00401611  0.99995364]]
The t input is [-0.03819963  0.03655968 -2.52254388]
The R input is [[ 9.99953791e-01 -7.62542428e-04  9.58306937e-03]
 [ 8.01125731e-04  9.99991587e-01 -4.02300112e-03]
 [-9.57992104e-03  4.03049246e-03  9.99945989e-01]]
The t input is [ 0.0719132   0.03818134 -2.67798498]
The R input is [[ 9.99975734e-01 -9.21940365e-04  6.90514764e-03]
 [ 9.47060105e-04  9.99992943e-01 -3.63544219e-03]
 [-6.90174725e-03  3.64189357e-03  9.99969551e-01]]
The t input is [-0.04105303  0.04136117 -2.827221  ]
The R input is [[ 9.99968793e-01 -6.33374563e-04  7.87479337e-03]
 [ 6.59814372e-04  9.99994153e-01 -3.35537958e-03]
 [-7.87262212e-03  3.36047077e-03  9.99963364e-01]]
The t input is [ 0.06923385  0.04398897 -2.98153165]
The R input is [[ 9.99973978e-01 -1.30300338e-04  7.21288842e-03]
 [ 1.51676720e-04  9.99995598e-01 -2.96316911e-03]
 [-7.21247057e-03  2.96418603e-03  9.99969596e-01]]
The t input is [ 0.06837957  0.04734271 -3.12898501]
The R input is [[ 9.99985715e-01 -4.51914631e-04  5.32593225e-03]
 [ 4.68317514e-04  9.99995150e-01 -3.07896983e-03]
 [-5.32451499e-03  3.08142007e-03  9.99981077e-01]]
The t input is [-0.04454169  0.04701622 -3.12793146]
The R input is [[ 9.99978538e-01 -3.23971116e-04  6.54352112e-03]
 [ 3.46020363e-04  9.99994266e-01 -3.36877923e-03]
 [-6.54239221e-03  3.37097112e-03  9.99972916e-01]]
The t input is [ 0.0667574   0.04829968 -3.27469223]
The R input is [[ 9.99816114e-01  6.17670859e-04  1.91665301e-02]
 [-4.83064010e-04  9.99975195e-01 -7.02685125e-03]
 [-1.91703949e-02  7.01630046e-03  9.99791612e-01]]
The t input is [ 0.17269499  0.02014755 -2.35640369]
The R input is [[ 9.99991395e-01 -4.93223692e-04  4.11904073e-03]
 [ 5.05480260e-04  9.99995447e-01 -2.97507719e-03]
 [-4.11755460e-03  2.97713369e-03  9.99987091e-01]]
The t input is [-0.04645097  0.05168475 -3.41840977]
The R input is [[ 9.99989651e-01 -8.24934933e-04  4.47410536e-03]
 [ 8.35969067e-04  9.99996613e-01 -2.46491201e-03]
 [-4.47205681e-03  2.46862671e-03  9.99986953e-01]]
The t input is [ 0.06090124  0.05801437 -3.69635662]
The R input is [[ 0.99999509 -0.00141574  0.0027973 ]
 [ 0.00142252  0.99999605 -0.00242343]
 [-0.00279386  0.00242739  0.99999315]]
The t input is [-0.05084237  0.05827712 -3.69738557]
The R input is [[ 9.99992044e-01  4.78975830e-04  3.96019874e-03]
 [-4.72216465e-04  9.99998431e-01 -1.70758365e-03]
 [-3.96101041e-03  1.70569999e-03  9.99990700e-01]]
The t input is [ 0.05952843  0.06276869 -3.83258089]
The R input is [[ 9.99993078e-01 -6.73273840e-05  3.72013108e-03]
 [ 7.37019289e-05  9.99998529e-01 -1.71341643e-03]
 [-3.72001025e-03  1.71367875e-03  9.99991612e-01]]
The t input is [ 0.05925041  0.06465843 -3.96726778]
The R input is [[ 9.99997882e-01 -2.33620100e-04  2.04491950e-03]
 [ 2.37237306e-04  9.99998408e-01 -1.76881086e-03]
 [-2.04450302e-03  1.76929224e-03  9.99996345e-01]]
The t input is [-0.05296514  0.06461869 -3.96664727]
The R input is [[ 9.99995459e-01  4.34565986e-04  2.98230169e-03]
 [-4.32276594e-04  9.99999611e-01 -7.68261127e-04]
 [-2.98263439e-03  7.66968459e-04  9.99995258e-01]]
The t input is [ 0.05674617  0.0704603  -4.09850284]
The R input is [[ 9.99995917e-01  5.32768732e-04  2.80751540e-03]
 [-5.28770566e-04  9.99998845e-01 -1.42464391e-03]
 [-2.80827116e-03  1.42315356e-03  9.99995044e-01]]
The t input is [ 0.05667154  0.0700566  -4.2275032 ]
The R input is [[ 9.99996651e-01  6.44026280e-04  2.50665576e-03]
 [-6.39810917e-04  9.99998381e-01 -1.68210689e-03]
 [-2.50773502e-03  1.68049747e-03  9.99995444e-01]]
The t input is [ 0.05584914  0.07093089 -4.35375703]
The R input is [[ 9.99997424e-01 -6.25726338e-05  2.26908663e-03]
 [ 6.73613257e-05  9.99997771e-01 -2.11039003e-03]
 [-2.26894952e-03  2.11053744e-03  9.99995199e-01]]
The t input is [ 0.05496667  0.0710562  -4.47669455]
The R input is [[ 9.99999843e-01 -2.93581076e-04  4.76278962e-04]
 [ 2.94567455e-04  9.99997809e-01 -2.07226496e-03]
 [-4.75669541e-04  2.07240493e-03  9.99997739e-01]]
The t input is [-0.05864203  0.07159185 -4.47567759]
The R input is [[ 0.9999972   0.00118148  0.00205096]
 [-0.00117894  0.99999854 -0.00123901]
 [-0.00205242  0.00123659  0.99999713]]
The t input is [ 0.05457096  0.07673924 -4.59658272]
The R input is [[ 9.99997314e-01  1.24540354e-03  1.95469785e-03]
 [-1.24475091e-03  9.99999169e-01 -3.35060964e-04]
 [-1.95511351e-03  3.32626952e-04  9.99998033e-01]]
The t input is [ 0.05486037  0.08287458 -4.71406965]
The R input is [[ 9.99999458e-01  1.02550185e-03  1.80626932e-04]
 [-1.02544491e-03  9.99999425e-01 -3.15037716e-04]
 [-1.80949900e-04  3.14852323e-04  9.99999934e-01]]
The t input is [-0.05922892  0.08322131 -4.71330781]
The R input is [[ 9.99998544e-01  2.97100595e-04  1.68012857e-03]
 [-2.97805401e-04  9.99999868e-01  4.19260281e-04]
 [-1.68000378e-03 -4.19760022e-04  9.99998501e-01]]
The t input is [ 0.05391378  0.08848184 -4.82809913]
The R input is [[ 9.99998645e-01 -1.52420127e-03 -6.21288978e-04]
